P: (2.3, 5.5, -45.0)
U: (2.3, 5.5, -45.0)
P: (2.3, 5.5, -45.0)
U: (1.9, 4.7, -135.0)
P: (1.9, 4.7, -135.0)
U: (1.7, 4.5, -135.0)
P: (1.7, 4.5, -135.0)
U: (1.7, 4.1, -135.0)
P: (1.7, 4.1, -135.0)
U: (1.7, 3.9, -135.0)
P: (1.7, 3.9, -135.0)
U: (1.7, 3.9, -135.0)
P: (1.7, 3.9, -135.0)
U: (1.7, 3.9, -135.0)
P: (1.7, 3.9, -135.0)
U: (1.7, 3.9, -135.0)
P: (1.7, 3.9, -135.0)
U: (1.7, 3.3, -225.0)
P: (1.7, 3.3, -225.0)
U: (1.7, 3.3, -225.0)
P: (1.7, 3.3, -225.0)
U: (1.5, 3.3, -225.0)
P: (1.5, 3.3, -225.0)
U: (1.7, 3.1, -225.0)
P: (1.7, 3.1, -225.0)
U: (1.5, 3.1, -225.0)
P: (1.5, 3.1, -225.0)
U: (1.5, 2.9, -225.0)
P: (1.5, 2.9, -225.0)
U: (1.5, 3.1, -225.0)
P: (1.5, 3.1, -225.0)
U: (1.5, 3.1, -225.0)
P: (1.5, 3.1, -225.0)
U: (1.5, 3.1, -225.0)
P: (1.5, 3.1, -225.0)
U: (1.5, 3.1, -225.0)
P: (1.5, 3.1, -225.0)
U: (1.7, 2.9, -225.0)
P: (1.7, 2.9, -225.0)
U: (1.5, 2.5, -135.0)
P: (1.5, 2.5, -135.0)
U: (2.1, 2.1, -45.0)
P: (2.1, 2.1, -45.0)
U: (2.3, 2.1, -45.0)
P: (2.3, 2.1, -45.0)
U: (2.5, 2.1, -45.0)
P: (2.5, 2.1, -45.0)
U: (2.9, 2.1, -45.0)
P: (2.9, 2.1, -45.0)
U: (3.1, 1.9, -45.0)
P: (3.1, 1.9, -45.0)
U: (3.3, 1.9, 45.0)
P: (3.3, 1.9, 45.0)
U: (3.5, 1.7, 45.0)
P: (3.5, 1.7, 45.0)
U: (3.5, 1.9, 45.0)
P: (3.5, 1.9, 45.0)
U: (3.7, 1.9, 45.0)
P: (3.7, 1.9, 45.0)
U: (3.7, 1.9, 45.0)
P: (3.7, 1.9, 45.0)
U: (3.7, 2.3, 45.0)
P: (3.7, 2.3, 45.0)
U: (3.7, 2.3, 45.0)
P: (3.7, 2.3, 45.0)
U: (3.5, 2.3, 45.0)
P: (3.5, 2.3, 45.0)
U: (3.3, 2.3, -225.0)
P: (3.3, 2.3, -225.0)
U: (3.7, 3.5, -45.0)
P: (3.7, 3.5, -45.0)
U: (3.9, 4.1, -45.0)
P: (3.9, 4.1, -45.0)
U: (3.9, 4.3, -45.0)
P: (3.9, 4.3, -45.0)
U: (3.9, 4.3, -45.0)
P: (3.9, 4.3, -45.0)
U: (3.9, 4.3, -45.0)
P: (3.9, 4.3, -45.0)
U: (3.9, 4.3, -45.0)
P: (3.9, 4.3, -45.0)
U: (3.5, 4.5, -45.0)
P: (3.5, 4.5, -45.0)
U: (3.3, 4.5, -225.0)
P: (3.3, 4.5, -225.0)
U: (3.3, 4.5, -225.0)
P: (3.3, 4.5, -225.0)
U: (2.9, 4.5, -225.0)
P: (2.9, 4.5, -225.0)
U: (2.7, 4.5, -225.0)
P: (2.7, 4.5, -225.0)
U: (2.7, 4.5, -135.0)
P: (2.7, 4.5, -135.0)
U: (2.7, 4.3, -135.0)
P: (2.7, 4.3, -135.0)
U: (2.7, 4.3, -135.0)
P: (2.7, 4.3, -135.0)
U: (2.5, 4.3, -135.0)
P: (2.5, 4.3, -135.0)
U: (2.1, 3.9, -135.0)
P: (2.1, 3.9, -135.0)
U: (1.9, 3.9, -135.0)
P: (1.9, 3.9, -135.0)
U: (1.9, 3.1, -135.0)
P: (1.9, 3.1, -135.0)
U: (1.7, 2.9, -135.0)
P: (1.7, 2.9, -135.0)
U: (1.7, 2.9, -135.0)
P: (1.7, 2.9, -135.0)
U: (1.7, 2.9, -135.0)
P: (1.7, 2.9, -135.0)
U: (1.5, 2.3, -225.0)
P: (1.5, 2.3, -225.0)
U: (1.5, 2.1, -135.0)
P: (1.5, 2.1, -135.0)
U: (1.5, 2.1, -135.0)
P: (1.5, 2.1, -135.0)
U: (2.1, 1.9, -45.0)
P: (2.1, 1.9, -45.0)
U: (2.1, 1.9, -45.0)
P: (2.1, 1.9, -45.0)
U: (2.3, 1.9, -45.0)
P: (2.3, 1.9, -45.0)
U: (2.5, 1.7, -45.0)
P: (2.5, 1.7, -45.0)
U: (2.7, 1.7, -45.0)
P: (2.7, 1.7, -45.0)
U: (3.1, 1.7, -45.0)
P: (3.1, 1.7, -45.0)
U: (3.3, 1.7, -45.0)
P: (3.3, 1.7, -45.0)
U: (3.3, 1.7, -45.0)
P: (3.3, 1.7, -45.0)
U: (3.5, 1.9, 45.0)
P: (3.5, 1.9, 45.0)
U: (3.5, 1.9, 45.0)
P: (3.5, 1.9, 45.0)
U: (3.5, 1.9, 45.0)
P: (3.5, 1.9, 45.0)
U: (3.7, 2.3, 45.0)
P: (3.7, 2.3, 45.0)
U: (3.7, 2.5, 45.0)
P: (3.7, 2.5, 45.0)
U: (3.9, 2.5, 45.0)
P: (3.9, 2.5, 45.0)
U: (3.9, 2.5, 45.0)
P: (3.9, 2.5, 45.0)
U: (4.1, 3.3, -45.0)
P: (4.1, 3.3, -45.0)
U: (4.1, 3.5, -45.0)
P: (4.1, 3.5, -45.0)
U: (4.1, 3.5, -45.0)
P: (4.1, 3.5, -45.0)
U: (4.1, 3.9, -45.0)
P: (4.1, 3.9, -45.0)
U: (4.1, 4.1, -45.0)
P: (4.1, 4.1, -45.0)
U: (4.1, 4.3, -45.0)
P: (4.1, 4.3, -45.0)
U: (3.7, 4.5, -45.0)
P: (3.7, 4.5, -45.0)
U: (3.9, 4.7, -45.0)
P: (3.9, 4.7, -45.0)
U: (3.9, 4.7, -135.0)
P: (3.9, 4.7, -135.0)
U: (3.7, 4.9, -135.0)
P: (3.7, 4.9, -135.0)
U: (3.3, 4.9, -45.0)
P: (3.3, 4.9, -45.0)
U: (3.3, 4.9, -45.0)
P: (3.3, 4.9, -45.0)
U: (3.3, 4.7, -135.0)
P: (3.3, 4.7, -135.0)
U: (3.3, 4.7, -135.0)
P: (3.3, 4.7, -135.0)
U: (3.3, 4.7, -135.0)
P: (3.3, 4.7, -135.0)
U: (3.1, 4.5, -135.0)
